/*
quarterly, seasonally unadjusted West German 
real per capita disposable income, 1960.1-1987.4
Source: Deutsches Institut für Wirtschaftsforschung
(see also Table E.4 of Lütkepohl (1991))
*/
<1960 Q1>
 income          
1684.608             
1757.2068            
1842.7211            
2027.3177            
1859.0561            
1832.6429            
1893.536             
2098.9234            
1873.2676            
1908.6426            
1989.5797            
2203.5812            
1931.2619            
1980.327             
2065.5097            
2256.8667            
2040.4667            
2098.8673            
2145.8642            
2427.6995            
2178.3079            
2268.469             
2313.5771            
2548.2016            
2239.8707            
2286.0157            
2379.5459            
2535.5248            
2247.8021            
2311.8334            
2332.9532            
2579.1389            
2348.2887            
2404.7787            
2478.4108            
2808.6086            
2535.4286            
2605.4529            
2688.1167            
2998.7831            
2695.444             
2764.9544            
2879.4832            
3255.6348            
2825.4761            
2877.2233            
2955.7203            
3378.4279            
3014.1083            
3030.1896            
3092.0762            
3491.3989            
3098.3107            
3091.6898            
3144.9089            
3535.088             
3096.3842            
3110.8586            
3222.0775            
3613.9943            
3233.5315            
3319.4594            
3323.1825            
3723.1654            
3312.5138            
3324.6223            
3418.3893            
3824.4625            
3414.6557            
3438.2362            
3487.2942            
3973.8991            
3546.9684            
3553.1513            
3655.2346            
4102.7937            
3680.9675            
3783.8147            
3755.96              
4261.4059            
3797.3271            
3786.5219            
3790.9261            
4282.9525            
3848.1635            
3764.6489            
3759.083             
4294.2124            
3811.5833            
3709.8919            
3641.5356            
4180.7126            
3734.1328            
3698.3154            
3664.9417            
4237.3911            
3847.0869            
3766.3393            
3783.3845            
4327.6089            
3887.8617            
3839.1482            
3859.0148            
4431.0216            
4049.0191            
4053.1962            
4077.4384            
4653.9432            
4191.4281            
4163.4328            
4177.777             
4811.1361            
