/*
quarterly, seasonally unadjusted nominal 
German Gross National Product, 1975.1-1996.4
(West Germany until 1990.2 all of Germany afterwards)
Source: Deutsches Institut fuer Wirtschaftsforschung,
        Volkswirtschaftliche Gesamtrechnung
*/
<1975 Q1>
 gnp             
237.8                
249.2                
259.70001            
281.0                
260.34               
274.70001            
283.0                
305.39999            
280.20001            
291.29999            
296.89999            
327.39999            
300.0                
314.70001            
324.38               
350.5                
322.39999            
340.39999            
351.20001            
379.79999            
352.39999            
361.79999            
369.0                
394.20001            
362.60001            
374.07001            
386.10001            
417.10001            
377.89999            
389.0                
397.0                
426.39999            
395.0                
407.5                
417.39999            
455.79999            
421.79999            
422.89999            
439.60001            
479.0                
428.79999            
444.0                
463.29999            
498.39999            
447.5                
474.0                
488.60001            
526.0                
467.60001            
488.29999            
502.29999            
544.79999            
495.79999            
512.0                
528.59998            
571.59998            
532.79999            
550.79999            
559.20001            
606.29999            
577.29999            
592.40002            
670.97998            
712.64001            
677.20001            
706.79999            
725.90002            
772.20001            
738.59998            
755.29999            
779.20001            
821.5                
748.79999            
779.59998            
800.0                
836.09998            
789.29999            
816.09998            
834.40002            
873.09998            
824.40002            
852.90002            
869.40002            
898.09998            
841.40002            
866.40002            
887.79999            
911.20001            
