/*
seasonally adjusted, West Germany: 
consumption expenditures in billions of DM, 1960.1-1982.4
Source: Deutsche Bundesbank (see also Table E.1 of Lütkepohl (1991))
*/
<1960 Q1>
 cons            
415.0                
421.0                
434.0                
448.0                
459.0                
458.0                
479.0                
487.0                
497.0                
510.0                
516.0                
525.0                
529.0                
538.0                
546.0                
555.0                
574.0                
574.0                
586.0                
602.0                
617.0                
639.0                
653.0                
668.0                
679.0                
686.0                
697.0                
688.0                
704.0                
699.0                
709.0                
715.0                
724.0                
746.0                
758.0                
779.0                
798.0                
816.0                
837.0                
858.0                
881.0                
905.0                
934.0                
968.0                
983.0                
1013.0               
1034.0               
1064.0               
1101.0               
1102.0               
1145.0               
1173.0               
1216.0               
1229.0               
1242.0               
1267.0               
1295.0               
1317.0               
1355.0               
1371.0               
1402.0               
1452.0               
1485.0               
1516.0               
1549.0               
1567.0               
1588.0               
1631.0               
1650.0               
1685.0               
1722.0               
1752.0               
1774.0               
1807.0               
1831.0               
1842.0               
1890.0               
1958.0               
1948.0               
1994.0               
2061.0               
2056.0               
2102.0               
2121.0               
2145.0               
2164.0               
2206.0               
2225.0               
2235.0               
2237.0               
2250.0               
2271.0               
