/* 
German time series data:

- Returns (first differences of logarithm) of the German XETRA DAX index, multiplied by 100.

The original data is the GERMAN SE XETRA DAX INDEX, 
daily observations, closing values (xetra) for the period
Jan 1, 1999 - Jan 31, 2003. The data which has
ticker symbol ^GDAXI (GERMANY DAX INDEX) was obtained from Yahoo - Finanzen, www.yahoo.de 
(Exact address: http://de.table.finance.yahoo.com/k?s=^gdaxi&g=d).

*/

<1>
xetra
     0.029506190 
       3.5471719 
      -2.2367776 
       1.2995643 
      -2.2927940 
      -1.3466352 
      -5.2973823 
     -0.38701665 
      0.96162281 
       1.8017353 
      0.44944784 
       1.3686307 
      0.26427893 
      -2.7004525 
     -0.73647592 
     0.087268356 
       1.4805236 
      0.69367126 
       1.2392457 
      0.59628533 
     -0.46245915 
      -1.5842275 
     -0.15368709 
     0.057488125 
      -1.0595677 
      -2.4744581 
      -2.2169368 
      0.88230830 
       1.0158320 
     -0.18815991 
      0.51368488 
      -1.9474056 
      0.72479621 
     -0.88521287 
      0.88727680 
       2.8962416 
       1.4876089 
      -2.0703491 
     -0.94769001 
      -2.6300695 
      0.41112535 
      -2.2386426 
     -0.40420729 
       3.3702118 
      -1.0469799 
     -0.63328011 
     -0.78166027 
      0.69651246 
       5.1995974 
      0.42002971 
       1.2918165 
     -0.33818158 
      -1.2647019 
       1.6980365 
      -1.4303254 
      -2.2537463 
      -2.7830115 
       1.6624192 
      -1.7662359 
       2.1084298 
     -0.41258524 
      0.56174848 
      0.62028266 
       1.0263373 
       1.7365943 
      0.32565916 
       1.0876273 
      0.68032633 
      0.77271453 
     -0.32789631 
    -0.022193981 
     -0.49650075 
       1.2491127 
      -2.5780865 
       1.4828701 
       1.0697349 
     -0.44938544 
       1.1634669 
       1.7217025 
     0.020755209 
     -0.26565512 
       1.0942050 
     -0.28874733 
      0.10501108 
      -1.4216693 
     -0.61937491 
      0.43379502 
      -1.7410156 
      0.82639565 
    -0.021529612 
      -1.4349745 
      -1.1427340 
      0.78817010 
      0.57198556 
      0.98137571 
      0.55312741 
      -2.3364355 
      0.33658367 
      -1.4956933 
     -0.29746214 
     0.021699334 
     -0.96303713 
     -0.46730969 
       2.1766923 
       1.5991858 
      0.40245295 
      0.81816267 
     -0.90666717 
       1.0637606 
      0.12762298 
       1.3945172 
      0.71595991 
      0.56980211 
      0.33793538 
      0.70008057 
    0.0036572632 
      -1.2801317 
      -1.3333270 
     -0.49657590 
       1.0459687 
     0.048150140 
      0.35369587 
       1.8732003 
      0.70604979 
       1.9125420 
     -0.22636442 
     -0.43566052 
      0.33227370 
      0.56642261 
      0.23151254 
      -1.3932368 
      0.66287165 
      0.14906304 
     0.012100505 
     0.085373711 
      -2.4011524 
      -1.4143610 
      -1.3623540 
     -0.56855782 
      -1.9814151 
      0.33976985 
      0.10331251 
      -3.4479601 
      0.97595955 
      0.54010494 
     -0.42628992 
      0.22860952 
      -2.7912787 
      0.64111255 
       1.5217515 
      -1.7135341 
      0.37562815 
       2.1236380 
       1.7783642 
      0.71913434 
     0.053437242 
     -0.56127761 
     -0.83745637 
       1.2889761 
      0.90639984 
      0.41483214 
       1.4229554 
     -0.20352826 
      0.57393055 
     -0.51475714 
      -2.2838201 
      0.87553414 
      -2.4213521 
       2.7799254 
       1.1983263 
     -0.17031280 
      0.17309026 
      0.66731135 
      0.86239559 
     -0.67771688 
     -0.83773367 
     -0.26490818 
      -1.5481622 
   -0.0090494667 
      0.90166453 
      -1.3017897 
     -0.83638593 
       1.1540856 
      -2.1560805 
       1.0187914 
      -2.3274151 
      0.32219338 
      0.27631283 
     -0.49209881 
       1.8236271 
       1.5776829 
      0.96611129 
       1.2251572 
  -0.00092263094 
    -0.087873468 
      -1.0403920 
      -1.1832436 
      -1.4291229 
     -0.69316306 
     -0.54059361 
       2.6908242 
     -0.10728986 
     -0.84914514 
       2.0984829 
     -0.69956223 
       1.2766814 
     -0.46314376 
       2.1218661 
      0.84531173 
   -0.0086875312 
      0.39794595 
      0.25063437 
       1.3352597 
      0.39809788 
     -0.17972699 
      0.82503089 
      0.83395385 
       1.0384007 
     -0.19511091 
       1.1714814 
      0.85361740 
     -0.66810156 
       1.3516029 
     0.099445499 
      -2.3112717 
    -0.088528820 
     0.068595185 
       2.4231715 
    -0.056713695 
      -1.1680776 
      0.12151123 
      0.63906191 
     0.056608353 
       3.0188825 
      0.37548897 
      0.26957262 
     -0.70358337 
     0.040380427 
     -0.33006032 
      0.47934260 
      0.98724411 
      0.72073312 
       1.7264570 
      0.19865798 
      0.38892463 
      0.62544451 
       1.1439796 
       4.3677262 
      0.80794577 
      0.35229014 
    -0.028569097 
       1.4265982 
      -3.0257106 
      -2.4564672 
      -1.2969831 
     -0.41843354 
       4.6182433 
       2.1094455 
     -0.49606486 
      0.31237212 
      0.62255091 
       3.0752926 
       1.1873655 
      -2.6068009 
      0.26717217 
      0.30442795 
      -1.7002397 
     -0.87269688 
      -1.7807674 
       2.3185578 
       2.2243477 
     -0.83888511 
      -3.3235209 
       3.0948613 
       1.7084721 
       2.5102153 
       1.2210543 
      -2.0120169 
       3.4161558 
       1.0439525 
       1.0452307 
      -1.2756670 
      0.43588476 
      -3.3068788 
       1.2654630 
       1.1971598 
    -0.089083574 
      0.22091354 
      0.22910211 
       1.1894115 
     -0.76195812 
       1.2764158 
      -1.9777740 
      0.75395849 
       1.0848063 
       2.7798673 
      0.17930571 
      0.19766808 
       1.1120542 
     -0.97147719 
     -0.47502152 
      0.33657591 
      -3.6009455 
     -0.57091247 
      -3.1280036 
       2.2603343 
       1.6602015 
       2.0722925 
     -0.82205470 
     -0.11930889 
      -1.3404618 
       3.0415982 
     -0.50464849 
      0.49847112 
     -0.85043645 
      -2.8354570 
     -0.59694699 
      -2.2647108 
       1.2517536 
      -2.5857851 
       1.5624620 
       1.0153470 
    -0.069817778 
     -0.99321588 
    0.0055086314 
     0.080445179 
      -3.1949220 
     -0.38453120 
      0.13000892 
      0.28057632 
     -0.81755433 
       1.6977288 
       1.4730590 
      -2.2835584 
       2.6365898 
       1.8869543 
      -2.3973799 
      0.13248767 
       1.9321494 
      -1.6431287 
      -1.7367611 
      -2.2176531 
       1.9279696 
      0.13490486 
      -1.0250062 
       2.4154334 
      -2.1883161 
     -0.41589462 
      -2.7177638 
      -1.0943866 
      0.21285136 
      -1.3487511 
       2.0848099 
      -2.0197239 
       2.5597548 
       1.4516466 
     -0.13479582 
       2.2680033 
       2.2593848 
     -0.41665127 
     -0.65304387 
      -1.0087667 
     -0.44664947 
    -0.091998420 
    -0.092359374 
      0.39713306 
       1.1221847 
     -0.30409654 
      -1.0429963 
     -0.74429222 
      0.39470260 
      -1.7753911 
     -0.49926612 
      -1.2007145 
      0.66792561 
      0.30931778 
     0.075727176 
      -2.4736771 
    0.0072651293 
       1.1496422 
     -0.25398428 
      0.24981873 
      0.15888591 
       1.0268632 
      0.30401859 
     -0.85516220 
      0.85162418 
       1.4128483 
       2.1456534 
       1.4744747 
     -0.32067187 
     -0.54611507 
       1.5299311 
      -1.3632353 
     -0.88014910 
      0.20841792 
     -0.84206928 
      -1.1702774 
     -0.77056001 
      0.86698539 
     -0.62556444 
     -0.46402168 
      -1.4260882 
     0.069145796 
       1.3677680 
      0.43122199 
       1.1516640 
      0.74802109 
      0.57532539 
      0.11859718 
     -0.33116820 
      0.10723055 
     -0.50487646 
     -0.63414830 
     -0.45843415 
      0.69017628 
     -0.22676467 
    -0.034847446 
       1.0581061 
      0.43765120 
     -0.61256395 
      -1.4041698 
       2.0909648 
       1.3643001 
     -0.73183075 
     -0.83377008 
      0.59089189 
      -1.5347723 
     -0.64371100 
      -1.0968598 
      -1.8313326 
      0.61980494 
     -0.71576520 
      -1.5528095 
      0.34474851 
      -2.1967563 
      -1.2241242 
      0.85419984 
      0.71609760 
     -0.34898178 
      0.72199502 
      0.27405669 
     -0.50825881 
      0.93907302 
     -0.56745556 
       1.0070135 
      -1.6987901 
      -1.4209765 
     -0.11427349 
      -1.7995101 
      -1.3653683 
       2.9871433 
     -0.51247238 
      -1.4521160 
     -0.94833953 
       2.2823881 
    -0.053342079 
     0.075093852 
       2.7108981 
     -0.80569957 
      0.29120804 
       2.2900995 
     0.027289956 
       2.1547519 
     -0.25989456 
      0.41801879 
      0.55750656 
      0.11258665 
     -0.73980647 
      -1.0430139 
     -0.72585986 
      -1.5612296 
      -1.6123888 
       3.2763029 
    -0.079840668 
      -2.1725179 
     -0.87291855 
      -2.1974530 
      0.91218037 
      -2.3606579 
       1.3181987 
       1.0142526 
      0.48993107 
      -1.0711329 
     -0.41198254 
      -3.4849891 
       2.1821181 
      -1.6223546 
       3.5110799 
     -0.22384231 
     -0.59248752 
       1.6290387 
       1.3548012 
     -0.72402805 
      -1.6981342 
      -2.2048763 
      -2.2572743 
      0.92678049 
       1.3836002 
      -3.6226349 
     -0.77192424 
      0.81416370 
       1.2204076 
      0.68473787 
      0.96789182 
      -2.2603358 
       2.2813172 
     -0.91199945 
     0.090447029 
      0.15437031 
      0.19301872 
      -1.3273707 
       2.2705210 
      0.38316589 
      0.50473099 
     -0.30677697 
       2.2878303 
     -0.26517909 
      0.23736981 
      0.35223009 
      0.70775169 
     -0.23441676 
      0.30995636 
     -0.48112654 
      0.82938653 
     -0.17286550 
      0.82515888 
      -1.3401861 
     -0.99649476 
     -0.15271816 
      0.97530256 
      -1.7190008 
      0.87547482 
      -2.1280120 
       1.0387493 
     -0.10637942 
      -1.1974556 
       1.7106282 
      -2.3393104 
      0.51040000 
     -0.31941147 
      -1.6185285 
      -1.1088362 
      -3.2811911 
       1.8546878 
      0.50622411 
     -0.19696323 
      -1.3763210 
      0.58034423 
      0.92700698 
       1.0828525 
      0.34282026 
     -0.61371259 
      -1.0045404 
      -2.5772426 
      -1.3927544 
      -2.8718361 
       1.6403898 
      -2.6748690 
      -1.3553840 
       2.1832336 
      -2.8073834 
      -4.2525510 
       2.8659135 
       3.2349489 
       3.6221146 
      -2.0533687 
       1.0563653 
     -0.84292832 
      -1.1939014 
      -3.6648254 
      0.79274963 
       3.0902116 
      -1.2981105 
       1.4308744 
       2.2716959 
      0.62907919 
      0.85565706 
      -1.1177980 
       3.7903923 
      0.27586135 
     -0.87637483 
      -1.2560667 
       1.2005680 
     -0.15327101 
      0.13841172 
      0.83877912 
       1.4352625 
     -0.81213107 
      -2.0267279 
      0.80327892 
     -0.25544631 
     -0.22728509 
     -0.73575048 
       1.6557579 
     -0.39264811 
      -1.2509073 
     0.093942682 
       1.2777185 
      0.41177603 
      0.21131531 
       1.0131359 
      0.33097856 
     -0.88644997 
       1.0188856 
     -0.88511088 
     -0.10835666 
      -1.5644114 
      -1.3010038 
       1.3488656 
     0.031187671 
      0.85459976 
       1.0368961 
     -0.79922771 
     -0.13234558 
     0.047852073 
     -0.39627743 
      -1.6951958 
      0.86747088 
      -1.3286633 
      -1.9435674 
     -0.78308511 
      0.90726454 
     -0.78806568 
      0.85305057 
      0.25934975 
     -0.66615748 
     -0.92816819 
     -0.25152206 
       2.3494774 
       1.4399072 
      0.84024992 
     -0.86567248 
     -0.68121689 
     -0.27515829 
      -2.3116559 
      0.13228823 
     -0.91630241 
     -0.24995451 
       1.5067410 
      0.64529510 
      -1.2604385 
     -0.12136318 
      -2.0439535 
       1.7532803 
      -1.1321738 
      0.47889505 
      -2.2431340 
      -1.4316420 
       1.6521197 
       1.3840240 
      0.64657432 
       1.1842196 
     -0.44389724 
     -0.99806986 
     -0.71918011 
      0.17697393 
      0.11253594 
      -2.4281963 
      -1.8375987 
      -1.4396678 
      0.37254596 
       1.2199363 
      -1.1893199 
      -1.7291156 
      -2.6418670 
     -0.27401874 
      0.23743687 
      0.64596735 
       2.5084151 
      0.35149291 
      -1.8234331 
    -0.071228161 
      -2.7248184 
      0.49794462 
      -1.8298027 
       2.2132099 
      -3.1207133 
      -3.4811974 
      -3.0129157 
      -1.2879933 
      -9.5756091 
      -1.1573235 
      -3.7167445 
      -5.9147566 
     -0.59076900 
       6.4285501 
     -0.73486161 
       2.1273092 
       2.1542364 
       2.9121355 
      -1.5952384 
       1.5035096 
       3.0310551 
       2.4814318 
      -1.3378067 
      0.16609450 
     -0.50693886 
       3.0989943 
       2.2562883 
      -1.9977996 
      -1.6711367 
       1.7003209 
      0.39563004 
      -1.5283636 
      -1.3389432 
       2.3167956 
       1.8212470 
       2.2615413 
      -2.0199229 
       2.1951707 
      -3.3737316 
      -2.5287273 
      0.33285358 
       1.6748151 
      -1.1458522 
       3.6798385 
      -1.0030984 
       3.1985386 
       2.6976854 
      -1.6862887 
      -1.8437510 
       2.5924579 
      0.13251858 
       1.0602658 
       1.1184975 
       2.3901042 
      -1.7297888 
     -0.17970763 
      0.73466017 
      0.51442816 
     -0.71797049 
      -1.0723842 
      -2.8796479 
      0.40864731 
       1.0846380 
    -0.029463789 
      0.51087697 
       4.8421698 
      0.16214106 
      -1.3803045 
      -1.4403986 
      0.42390725 
      -1.6434872 
      -1.9247529 
      -1.1468947 
       3.1788481 
     -0.56096383 
      -1.0963436 
      -1.0192823 
       1.7054311 
       1.9361032 
      0.83622241 
      0.15065872 
       1.9622843 
      0.91491635 
      -1.6398891 
     0.079284798 
      0.98513041 
      -1.1429978 
     -0.34757385 
      -2.8054130 
    -0.075040387 
      -1.5496655 
       2.9495299 
     -0.21783166 
      -1.0300357 
     -0.47491751 
       2.2983257 
      0.14341748 
     -0.26745259 
     0.046337362 
      -1.4546009 
     -0.63768378 
       1.0907792 
     -0.20676815 
      -2.2334818 
     -0.96218651 
      -2.7172974 
       1.2043141 
     -0.54997937 
       2.1287738 
      -1.1241083 
       1.0299344 
      0.77545115 
      -2.2604830 
      0.18819938 
      -2.2357121 
      0.33926076 
       1.4638455 
      -2.1915551 
       2.4552909 
      0.70093482 
       1.2674179 
       1.5773431 
       1.1509042 
       2.8702814 
     -0.32784379 
       1.0764870 
     0.078867564 
       1.3169527 
     -0.35289031 
      -1.2218891 
     -0.56682468 
      0.58691437 
       2.3271369 
      0.46050981 
      0.67061276 
      -1.8075257 
     -0.29906550 
      0.32571768 
     -0.91262775 
       1.3674140 
     -0.79321817 
      0.91743165 
      -1.6101771 
     -0.55206825 
     -0.51040323 
      0.10612926 
      -1.5363021 
     -0.19477176 
       1.8228476 
      -1.9639461 
      0.51561991 
       1.0456446 
       1.8829277 
     -0.47512711 
      -1.0522304 
      0.41090636 
      -1.5075552 
     -0.25736772 
     -0.61745287 
      -2.0702581 
      -1.0747220 
      0.15307114 
      0.65995280 
      -1.5319476 
      -1.6611991 
    -0.043017626 
     -0.16938243 
       3.1550946 
      -1.2428287 
      -1.9268388 
       2.1078896 
       1.4684200 
      0.46060585 
     -0.49289417 
     -0.21896386 
     -0.74576347 
     -0.28807264 
      -1.3148266 
     -0.81641437 
      0.40148827 
       1.2658538 
     -0.86963055 
     -0.75058666 
      -2.4854656 
       1.1761821 
      -1.4708223 
      -2.6065779 
    -0.031999654 
      0.71559470 
      -1.0216216 
     -0.45481108 
      0.36605499 
      -2.1040060 
     -0.89195532 
      -3.7909757 
       3.9018727 
     -0.92604167 
      -1.7985003 
      -2.5381282 
     -0.31327873 
      -2.5167574 
       1.8189784 
      -2.5036179 
       3.8380109 
       2.8497680 
     -0.36002631 
      -3.9912991 
      -1.3870946 
       2.8696336 
       5.1353993 
     -0.91201435 
      -1.6470926 
      -4.1954849 
      -1.7264219 
      0.29820734 
      -5.4291981 
       1.6537221 
       2.8517886 
      0.19356648 
      -5.2277552 
      -5.2878415 
      -4.8738289 
       3.2689534 
      -3.1373499 
       1.6491769 
       7.5526755 
      0.49517334 
      -4.7191264 
      -2.5646748 
      -2.0720904 
      -5.8235221 
       6.8416788 
      -2.9316106 
       5.9843180 
       2.1936010 
      -3.0707098 
      0.98440976 
      -2.5654736 
       2.0900307 
      0.51561724 
       4.0679014 
      -1.8185714 
       2.6101829 
      0.98731046 
      -2.0244240 
      -1.1671025 
       1.7681773 
      -4.4736946 
     -0.59615171 
       1.4101339 
      -2.8279692 
      -6.0065995 
      0.78858822 
      -2.0998882 
       3.8297819 
      -1.6330317 
       1.8911844 
       2.5427325 
      -4.6484814 
      -1.7865331 
      -1.2643256 
     -0.90555053 
      -5.1214409 
      -3.8309489 
       1.9186520 
      -5.0673217 
      -1.4182625 
       3.0603635 
       1.9421981 
      -3.4248654 
      -5.2709755 
       3.4151548 
       2.1240549 
      -3.9531004 
      -3.5706191 
      -1.7551514 
      -1.7128757 
     -0.92759819 
       5.0773697 
       6.9785526 
      -2.7897361 
       6.7216627 
      -1.2989683 
       5.2922778 
     -0.27745661 
       3.6924370 
      -3.9361218 
      -4.5556773 
       2.4435203 
      0.38759613 
       3.0775469 
      -5.6903584 
       2.9854228 
       1.2530404 
      0.38968015 
       5.0149887 
      0.70008041 
      -1.5783407 
      -4.4373226 
      -2.4560319 
      -1.2102429 
       2.3976699 
      -1.6000859 
       3.9005330 
      0.10564016 
      0.82994242 
     -0.35578198 
      0.18878746 
       2.8122548 
      0.49052926 
     -0.65376691 
      -3.3160381 
       4.7275685 
      0.43596962 
      -1.2105975 
       1.7873716 
      -2.9942078 
       1.2197860 
      -2.9338334 
     -0.53511563 
      -4.5267648 
       3.2863795 
      0.88183550 
      -2.6688627 
      -1.1252449 
       4.0827974 
      -2.0589324 
      -3.8066082 
      -2.0481657 
       2.0987701 
     -0.77609575 
      -5.5088197 
       1.8362071 
       7.0860475 
     -0.39045029 
       2.0579301 
      -1.4188391 
      -3.9236776 
       1.4817837 
    -0.011522615 
      0.76484717 
       1.2361811 
      -1.6044273 
      0.15433745 
      -4.5308799 
     -0.86953030 
     -0.79735057 
      -2.3731158 
      0.28390945 
      -3.3788464 
      -2.7612812 
       1.0370430 
       1.3094445 
     -0.47367389 
       1.9866098 
