  /* Simulated data, SNAR4 process in Yang/Tschernig, ET 2002, 400 observations , generated with GENSTAPS.G */
 <1900 Q1>
  SNAR4
       0.90169908 
       2.4008335 
      0.14577807 
     -0.51605910 
     -0.65416056 
      -1.2727741 
      0.80808553 
       1.0740059 
     -0.66119280 
     -0.44393369 
       1.0391355 
      0.27093627 
     0.094781194 
     -0.39341095 
      0.89355734 
      -1.6840314 
       1.4811336 
      -2.0337988 
      -1.2911456 
      0.77546583 
     -0.27599183 
     -0.48678430 
      0.83155234 
     0.017592200 
      0.37365607 
       1.7257952 
      -1.5165434 
      0.72013261 
      -1.1339363 
      0.86368254 
     0.098835726 
      0.29755283 
     -0.95716888 
      -1.7103098 
     -0.48773904 
       2.4462306 
     -0.13698368 
      0.67783015 
      -1.6458507 
      0.54944385 
       1.3220397 
      0.54139778 
      0.53990235 
     -0.97835702 
       1.3152536 
     -0.91331327 
      0.20156572 
       1.3752297 
     0.039816668 
      0.88432814 
     -0.84783885 
   -0.0031741727 
     -0.10391848 
       2.5378909 
     -0.18904884 
       1.0413171 
     -0.32512993 
       1.0565418 
      -1.4748930 
      -1.4356807 
      -1.9459403 
      -1.3253803 
       1.7839715 
   -0.0033026632 
     -0.32657729 
      0.78568436 
      -1.1216519 
     -0.54425578 
      -1.5333750 
      -1.2484648 
      0.42643564 
    -0.030745969 
      0.27230760 
      -1.0795981 
     0.086092922 
     -0.33252205 
      0.23577326 
      0.82812145 
      0.72529752 
      0.73395847 
    -0.041452502 
    -0.056745475 
      0.90341486 
      -1.4831270 
       1.5966668 
     -0.83748837 
     -0.15679535 
      0.50018534 
     -0.42757956 
     -0.94671447 
      0.64164816 
      0.59488923 
     -0.96036304 
     -0.12839977 
      0.15581629 
      0.11196260 
     0.034154013 
      0.88055366 
       1.2212194 
       2.0870060 
      -3.1462337 
      0.30856043 
       1.2081041 
       2.7397867 
      -2.0791126 
      0.57657337 
      -1.3844918 
     -0.83286663 
      -1.0208575 
      0.43830666 
     -0.93856974 
     0.092714899 
     -0.74134301 
     -0.42154944 
     -0.74007869 
       1.3934225 
    -0.028138372 
     -0.81312432 
      0.99471844 
     -0.33651633 
      0.37921213 
     -0.75877748 
      0.39636770 
     -0.77471505 
      0.21683832 
     -0.47125313 
      0.20668436 
      0.97115752 
      -1.5613117 
      -1.0381107 
       1.2193878 
    -0.012963614 
      -1.1832724 
       1.2058674 
      -1.8578345 
     -0.19978583 
      0.36509971 
     -0.73122931 
      0.23028824 
       1.1510216 
     -0.39055461 
      0.44480152 
     -0.32850708 
    -0.033365635 
       1.3945366 
     -0.48564727 
    -0.029503068 
       1.0835565 
    -0.082761612 
      -1.1638418 
       1.3062266 
      -1.8909056 
      0.81265503 
      0.58689598 
       1.0220313 
      0.94674098 
      -2.0193840 
      -1.5014534 
       1.0304127 
    -0.046492723 
     -0.90073890 
       1.8337927 
     -0.26755969 
      0.77770930 
      -1.3738447 
      -2.3305087 
       2.3447588 
      0.53545624 
      -3.0025696 
     -0.46381383 
       2.4815234 
      0.10349667 
      -2.2231853 
      -2.8220417 
       3.3184761 
       1.1947782 
      -3.1754857 
     -0.28161664 
      0.78418114 
       1.4130223 
     -0.75855027 
       3.0613263 
       1.3649206 
       1.7549513 
     -0.56165383 
       1.6403603 
      -1.7882333 
      0.58300326 
      -1.5417328 
     -0.10422748 
      0.20581638 
     -0.28811661 
      0.87130509 
       1.9478581 
       1.9436087 
       3.2657909 
      -3.2192502 
      0.85540697 
      -3.9728679 
      -1.0825393 
     -0.89060551 
      -1.1353318 
      0.39945636 
       1.4703331 
     -0.48321686 
      0.14879966 
       1.6914684 
      -1.5769842 
       2.1559909 
      0.62477574 
       2.4453002 
       1.1423483 
      -1.5018694 
     -0.43755694 
       1.1191108 
      0.23133821 
      -1.2772084 
     -0.54232729 
      0.65784767 
     -0.52375473 
     -0.12677148 
     -0.91015185 
      0.27951241 
      0.56451267 
     -0.69481030 
      0.13764608 
     -0.81126008 
      -1.0255441 
     0.074884758 
      0.38078009 
     -0.37337210 
       1.3995625 
     -0.15893889 
      0.95739481 
      -1.5853372 
      0.25857170 
      0.64614088 
      0.66804160 
    -0.036842698 
     0.012962846 
      -1.1558856 
      0.36373899 
      0.66769318 
      0.31924455 
       1.2314163 
     -0.64440955 
      -2.1345696 
       3.0685477 
      0.57259320 
     -0.70815690 
      0.73137755 
     -0.76363699 
      -1.0760249 
     0.038793013 
     -0.54677916 
      0.73248007 
    -0.047930561 
       1.3569043 
     -0.70841162 
    -0.013153897 
      0.16217962 
      0.68806627 
      0.58324813 
      -1.3016425 
       2.0206118 
      0.16088378 
      0.12661132 
     -0.98288408 
      0.34238998 
       1.6674222 
       1.4002190 
       2.5134150 
      -1.9408138 
     -0.19832457 
     0.010109263 
       1.2012430 
     -0.49919769 
     -0.98658569 
       2.4391231 
     -0.26738191 
      -1.2101351 
      -1.2414265 
      -1.1143455 
       2.0242337 
       1.9471602 
      -1.5962420 
     -0.14193827 
      0.51941572 
      0.55188192 
      0.20014192 
      -1.6660699 
     -0.47276110 
      -1.0990701 
      0.37696461 
      -2.9293407 
       1.1009005 
     -0.42635932 
      0.21528447 
      -1.7605533 
     -0.82544952 
      -1.8243021 
     -0.52013363 
     -0.88530302 
       2.0430664 
       1.1875528 
      -3.9743827 
    -0.020590081 
       1.0546621 
      -1.6338084 
       1.5114245 
      -2.1810180 
      -2.0415740 
     -0.60338485 
      -1.2878226 
     -0.16790948 
      0.73517812 
     -0.27396854 
     -0.74277590 
       2.5362206 
     -0.20783713 
     -0.25318770 
     -0.41329988 
     -0.35049973 
     -0.14848123 
      0.14483701 
     -0.30364387 
     -0.37085746 
       3.0811377 
     -0.33014389 
       1.0294962 
     -0.34945894 
      0.26210457 
      0.16293778 
       1.9734046 
       2.1158210 
       2.6172459 
      -1.7427625 
      0.52894458 
     -0.41130812 
      0.98719927 
     -0.97265687 
      -1.6691612 
     -0.20343532 
      0.84488008 
     -0.64649202 
      0.46992429 
      0.17667126 
       1.7426046 
     -0.40179065 
       3.0893549 
       1.3594574 
       1.4358274 
      0.10957835 
     -0.13250103 
       1.8556348 
      0.90048461 
     0.047718106 
     -0.41531045 
     -0.21639117 
       2.1379903 
      0.11992324 
       1.8778139 
      0.77277232 
       2.6249998 
      -1.9789298 
      0.59375447 
     -0.12043038 
     -0.98768017 
     -0.96439098 
     -0.68046130 
      0.12928095 
      -1.6429085 
     -0.51516386 
      -1.4279280 
       1.6341105 
    -0.017844238 
      -1.1458113 
      0.63189991 
     -0.84112654 
      0.19295831 
      0.24235252 
    0.0043473085 
     -0.70207021 
     -0.14007644 
      0.91377705 
      0.76568983 
       1.1998324 
      0.40238366 
      0.77618733 
     -0.40957917 
     -0.60012962 
       1.0162757 
     0.048239654 
     -0.62200650 
     -0.87312499 
       1.5317386 
     -0.37860096 
      -1.4265866 
     -0.36692082 
     -0.32873219 
