/*
sample: 1972.1 -- 1998.4 
West German data until 1990.2, all of Germany aferwards 
R - nominal long term interest rate (Umlaufsrendite) 
(source: Monatsberichte der Deutschen Bundesbank, 
quarterly values are values of last month of quarter)
*/
<1972 Q1>
 R 
0.078                
0.083                
0.083                
0.087                
0.087                
0.102                
0.098                
0.097                
0.107                
0.109                
0.108                
0.099                
0.089                
0.084                
0.087                
0.086                
0.078                
0.083                
0.081                
0.074                
0.07                 
0.064                
0.06                 
0.06                 
0.056                
0.06                 
0.064                
0.066                
0.071                
0.08                 
0.078                
0.08                 
0.095                
0.083                
0.083                
0.091                
0.104                
0.111                
0.113                
0.099                
0.096                
0.092                
0.088                
0.08                 
0.074                
0.081                
0.084                
0.083                
0.079                
0.081                
0.077                
0.07                 
0.077                
0.07                 
0.064                
0.066                
0.06                 
0.06                 
0.058                
0.06                 
0.056                
0.055                
0.062                
0.058                
0.056                
0.06                 
0.063                
0.062                
0.07                 
0.071                
0.071                
0.078                
0.09                 
0.09                 
0.091                
0.09                 
0.086                
0.086                
0.088                
0.087                
0.082                
0.084                
0.082                
0.074                
0.065                
0.067                
0.061                
0.056                
0.062                
0.069                
0.074                
0.074                
0.071                
0.064                
0.061                
0.055                
0.058                
0.059                
0.055                
0.051                
0.051                
0.05                 
0.051                
0.051                
0.047                
0.047                
0.041                
0.038                
